2 0.7170454545454545 0.5238970588235294 0.03772727272727273 0.07426470588235294
1 0.6815909090909091 0.5202205882352942 0.03227272727272727 0.06691176470588235
2 0.5606818181818182 0.5610294117647059 0.06681818181818182 0.12058823529411765
2 0.575 0.5169117647058824 0.02181818181818182 0.06323529411764706
0 0.44636363636363635 0.5643382352941176 0.06727272727272728 0.11691176470588235
3 0.4759090909090909 0.4988970588235294 0.04090909090909091 0.08602941176470588
3 0.44295454545454543 0.49779411764705883 0.03409090909090909 0.08088235294117647
2 0.3965909090909091 0.513235294117647 0.023181818181818182 0.05
2 0.35954545454545456 0.5474264705882353 0.05181818181818182 0.09485294117647058
1 0.3475 0.5136029411764705 0.014090909090909091 0.04779411764705882
2 0.22818181818181818 0.5992647058823529 0.10272727272727272 0.1676470588235294
